$ANSIBLE_VAULT;1.1;AES256
30323934313066303838653765383736313339363263383236363630353730656162336662383664
3937363437383766393033373135306536626439353564320a656263326166316332393337613031
34353163353438363230353864373838363933343561306438303563356437343132336239326461
6434306537656565360a323362306562313135363264353137313234316639383137336234623361
63656363333538616535336565353831656537636139313861346564613962323864343232616561
30343430303962343331303436636530323733366463636433663534383562643036613766363432
31363933633038346563343064386164646536353730396666376134636465613938383335366534
30373032653063343066663739393638383166616633363164613333633762346334653766663732
38323364373261613534306138633031323131366437396635663237396539623262336263653866
61313062356164363332313662653633623037653666663132633439333363373337353466313036
63363639326266356265663538386266623465333064653831323437656630326137306330323336
65373064326461633138346432363362326239306161383631343033633466656533613662393566
34636637346631656637383238303835653863306539666139303665323066633036313266366262
33636363303936633238636266363933303835303139366435663939376463346433333932663930
64393037653032373430393233666131653239373165396466313863383263313136636633343165
32393538316362396130326339656161663733396138396664623737323934363030393862323638
65323939663038303334393230356465373234363236343833393733363435366362343939633361
36646635656437366262373065636339656431393961363837633662643433666366343861396565
62353439396264353765653531633835323966316535363837373531623832336266653261356438
62316265623130353635343164623533313839346166363161653038323661633862633134313632
65326265626139336433626466376235663434656462376630666234363563333261663832356139
65383537393333663161373339643430346365653531646136643038643561613635383265386633
31376132343832346437613839363435636531353637313639646465396264326562396239613139
33343431396131363465356362646662646364643434616466376139356665316538373131653066
37623636623435333239666230376439346435666561393461636531356435323964663630343838
32343839303636326630396232343235626238376462313863636235346436636338616664376234
61353631643165323932616535353638386135623066613631613863313937323761656462353132
34326230653065326564643837613062663366313461353363646136323234633062333762313338
63333433653038356235316338346236626666366430333834356235623564623338663535333566
31613831363135366230663131323135663664346439376665616365343232633630376466616232
33363462636136313362356461373832393732386565373631616238366437323330353062626234
31623031653430363964346466643361333565353535646439333264393432653162333039366234
32393639346466326238313531333033666430396439333130633531346262366236653264633630
65653562313638306635636465653538363962303335396236636166346564343431633134633537
37633535633262623038316663366239336238653337306333393362386437633837623434663462
63346331643630323736343266323737303136343964653631626537343365373137636338333533
65363134613537613036386636336239356532343165363432386431336330383732633536623538
62376634653865626436373564303037326266623563653734303835396462666132333661623032
32353833623263313865343935346561363035643262356135333635383662643234616463643138
64373165323739386638623234353365633765663661326132633434643835316538643735613635
32376266356230343564303735663264343839393936316562656265333161336162613233633931
38363430653765353730313732393761663435383664353965373266623063623233373238313261
61313835333335626330303739643937353961303165333231373537626564636334373638326137
33396438646436636639653432353262393230616264653163376163616339663063356666333239
30343334616161336137336361393865363432663064636463643166323366373831383663653639
63333166636165346365333762383636653332346435656561313538366662343437393932346131
37376361633361333831613139393534616230336631656561633633356634353937633766366263
31393266396637353962393463343761363239666333376565346130353838633165636130613865
35656432306564363434656130306632376136646237366266303633363339313265653964303661
62303935623765646539383736666562323764393936666664333834323732313934313136653332
39613564613730616331333264376563396638636561623231323864303462326230393863373632
62653834363231353539376665623130386635303065616239313130383334373237393366303130
32633832363132326261663062353062646137643334393830646636353962313065663531313835
39623535383339393866623639613138613863653061663134636536616266323161646163316437
32366561356566393663616631343065646232613539353564346365323539313364323430303562
62393632666661306161653234373632646163636565313062626435333663643333353933656432
36643361313866376665303334333230633665646262396531646338663930636132303434343339
35393839373538636531656161623733623830396237326165623462356163336164336538616438
63316236356438643362623134626235663465663630313062346563323236306564396361353566
65326233343330363865323466643262643965393830666662346266316534616532333334356661
64313630313230633730616138333163623638323737376434636262373335356233353133663164
33636631346434626336626132653237613639333930336165303639656531653337363130323563
35386131323034653837336137383532616165663535373234616431643461643337633863376639
61663039343637376564393233356337303833643963363130666238383034396164393934633235
39313037363638623938373166623635386564396535313063373963306135323032346335326430
37653338353538323134636366646238633438333930623364623266663562313335366437393838
36366233623366666630373961636137643065303839353931323932626635636138646231316138
33343631616434646237366364653662333963396638356434353761336635383461383463343762
33356639323431323765626263626134366262343566666139653761333137616537666331623633
32303066376566396132326464303864363330663235316537656665626136336436326335313964
30353665653336353361373964353862386335376565373133653030306633306639376361663863
65633230613566663634326366633135396430626161646533306161353463326665393832353835
35633133663165323537303039323237353437666431386265623136353263343935633762653437
31393866373134653035363236363061356338663831633634356131366632663365646463383232
30336133333235393938623131383537313938386533383433323234356338303864383833646462
64313130613433373933306430666638656439316564643465353939353261313163336431326233
62376665323761313765393832333233346633633862623665633466613264623734303764626132
65383737666337346331633861636362666330386663346362353034313434343135373831646665
64616464383966663337623833396138383663393038376637616639396335386363616135623730
32346664343434663039666133633831363235306539643138366563326131336330636230666566
37353862643035346430666434396430383166363831366434323464396663623438363164666461
34366166376661633231636531353835613037636634366363363162363134656538636330626637
66636135353861643465643566303061336337363032383566616536333732343938623932646163
38366666373136656163666639396162623934623937656462643037633465616364393733663331
39653536663835326239623637643934333262303266396638356639383136633061353235356237
35613339626133376361376665363138346666633736323065343934376336633066643737363032
30643866306263363863323736316362393561373466303431363139323762336661303762353738
34323365353363396436373036306630343631656563306135643862656363393166306438313635
30623065636661343235303235356435643665666533633631626162636330353438663464316131
64623562303163373935663439636235343662646336393566616534613237326433363663323265
32383166656639663165653737313764343563393130616164376432626363396166343439316633
31313761633030643137336661363438643738393264333731333331616634386333623331373836
36616266306664626664376662623461323933343237343061303263643634653132636432663431
38616535303237656139313236626131626437663637613637613537366137366138613031613138
31356633626535386663663537333964343663356432386362363765396464363435613866326337
64386161386164333561343236373164323537323933306463386138326664373739623438353732
64316434643766616563373164636663623230643138313665346636636635666635643164626666
35346435633864646461663762316364613833613538396563353763383266623265393464613132
30383131656665363038366464373937626232333339346362333164303533663263363432373566
37613239353437383166326564633230383339613461366339663332393038383136373635663433
33313165386631666539623163643839323233356433363836373162613632373734613834636138
66663665323662386335333838353536343365333430356630346539303831623066356437383461
64353135306439353534666338373638633966353131363939383430353536613161616662616563
61373531366335663262343739613666326636353930386161373963323832343032653564393633
64373433613832653764303732616233396466383132323463383866376432393661386261326662
38633462396466623735386531393931616366623534626263343861656261376231303965646437
31653933386633373333616437303530333061346333333839333632633365643663336463653265
61393364396136323666653564623038646663303039636431616431386263386461303663383762
65633863313234383931616565633366626164623236346163363035666339356439343630346134
34383737326339383464363234323663646539613061643064383035663738323334363436393237
35343932316264636630663735326535336462656131646239303264373234323761656537366638
39326630666163323035303832636135396536643436346462616431316138633437306162633234
38663261386435356537646332376532663630333165343863666262376539646362666435373461
36666336643534653266376165373461376434363230323130393363333535343736376230643366
66663061333365313635393831616566326264303661333265333830643331623261623765323132
32396635326331386635663033333761663163626636393239633166643933333430356665373562
61303432666638386233663439376163646461386264326538333266623865366561346265616636
33636364396435356132646464643862613463353665386634646663353236353132333837363234
30653661396235626134643439646333396637346331313061316635386538313832326163666133
34313137316336386565396334393366333138366331363165313361323464636164396335363537
33343534383733303830326233346536343034333462323462333466303263353931656639653837
30343335623236643933363735323032366565336338636536623530326238653937383062633964
32333330383265323636386265393135666664376465656332636561306432353234316138303534
38376532353261393266623966653931353935396637656365626264313461396535643937663064
66346434363230353036383030656234376661343863376132313562323132376239643838653638
61373664613237626334306331343266626132346338653133363561646661346532666162643339
62643833393635343561313730343034636436343831656361363235653035633833616161376537
63306465323233393038393933666232613036323739313330656639396632386639623630323065
33383833383236306135643137356661373134343735353334643037393334666137636634376233
64643031353234633237663963643739343539346263303661343339323037663231353462633633
37326163336333613266393065333437653737653462363632313531343638333561366335383539
65623139643734333230633533346665623237643933623761363432653136666465666637653431
30363466306530646566633030303038303166343937393763656633386336306539666637393564
39386137376561383863336165386632356266313139613661316437356262363639363635323633
39356365333137346266646161666236636435336638356362636439346434656236333839393164
63626462613564376566336136363035656531396331663866323761363166623632393737633361
61393930383334613262376661396262333139313061643766353838633032363336343266643635
62383162653762383230366562376665646365653762316331393935626632616664326162383330
38646665323935303263333963343434363632616239323866656530633564343864613862633138
39316665303332393036373363633337383461333838656236346337663963626135623230636261
62636131343039326366643664373234626262613335366162343436343134373532663335383661
66663430353631663362306264393233383230363730616463373766373638613666303161646637
37643135366161386331306238653932353936656361356139633561316538633862306165363830
64303337326334383138376332643232353132316238646635383835343632646132643932616564
31386563373237303964663230303038643530663234363036363339323862336163323131303766
35323535386632646466633664383638316136343936393163333633616438623633363766333266
34353163653565386332636530653466616465356137356262376365363665313132323063626232
30333130313232356235386338323032613634396162393365666138316664353531653465666466
37633565653537626435316638633362386630653532643830616261656664653165363633633132
38623139613030633264626438396639663830356637353434626633353365396431373932346239
34623938336134643264373034643838363535313730313337313533616230383163656163633636
32613434343662343837343266666132623638386363363339653266633164383739333236356136
39353537316437336335346665376463663331653032636135393034343134366430313039313632
66653938643162393435346364386632313630383365646661383662393431623063653566386562
63616535363935363366346633356433636466643631303463303437663636343132666162306631
34373430316233336439316264316538303537646534333537306161653362383966306131333935
35323666346634363239396138383765383764346338636461306166393830663531613032313433
33663864633565666430626264333639316632616563373730636561613031353666326439666361
62396633633465333862346234636135373133646465643331653963666231623033636436336361
37323631393339383463383238323562653039373334373739333062393933366634303961623339
35373031653066313266326661326636653265623332663762663231343531656263333933633662
34633264303264626238626636316337343861373964326432626537383232306330373265313334
38313639646432343834316439393735613335373031393130623964326538663232383633643735
32383333393438323439313431653237333731653134383330643330666330326633356532353833
38623135343436303366373532623133613337633434333731326236633932316232306637663263
35666334356665613263356439626231613436636631373238326135333762323637386139613734
32653562383161323131356436376664633039376164326232643133363036633335366130353363
31363663663365383661313561363061316363313362306161393362646266656565626261313037
62316263326164613739303337623135323638336639626436633031643938653634366165643435
35386638633931623233396361363738633765393636313932333332316530333761393965373463
61373062316661393439613562643564373262323937373031663165383232636234343335633430
62656366666562633262323635323564666237633536663637303634346139303030366137333733
64616564333830663163373433656163383638313466656131333635323265373338
